149,3
149,2
149,1
149,0
148,3
148,2
148,1
148,0
147,3
147,2
147,1
147,0
146,3
146,2
146,1
146,0
145,3
145,2
145,1
145,0
144,3
144,2
144,1
144,0
143,3
143,2
143,1
143,0
142,3
142,2
142,1
142,0
141,3
141,2
141,1
141,0
140,3
140,2
140,1
140,0
139,3
139,2
139,1
139,0
138,3
138,2
138,1
138,0
137,3
137,2
137,1
137,0
136,3
136,2
136,1
136,0
135,3
135,2
135,1
135,0
134,3
134,2
134,1
134,0
133,3
133,2
133,1
133,0
132,3
132,2
132,1
132,0
131,3
131,2
131,1
131,0
130,3
130,2
130,1
130,0
129,3
129,2
129,1
129,0
128,4
128,3
128,2
128,1
128,0
127,4
127,3
127,2
127,1
127,0
99,4
99,2
99,0
99,1
99,3
100,4
100,2
100,0
100,1
100,3
101,0
72,2
0,278
0,9
72,1
72,3
3,2
3,1
3,3
10,143
10,13
10,127
10,191
10,313
10,173
10,159
10,2
10,3
11,5
11,27
11,2
11,3
9,5
9,1
9,7
9,2
9,3
8,12
8,6
8,8
8,4
8,2
8,3
121,3
121,2
121,1
121,0
120,3
120,2
120,1
120,0
119,3
119,2
119,1
119,0
